11
12
13
21
22
23
31
32
33
111
112
113
121
122
123
131
132
133
211
212
213
221
222
223
231
232
233
311
312
313
321
322
323
331
332
333
1111
1112
1113
1121
1122
1123
1131
1132
1133
1211
1212
1213
1221
1222
1223
1231
1232
1233
1311
1312
1313
1321
1322
1323
1331
1332
1333
2111
2112
2113
2121
2122
2123
2131
2132
2133
2211
2212
2213
2221
2222
2223
2231
2232
2233
2311
2312
2313
2321
2322
2323
2331
2332
2333
3111
3112
3113
3121
3122
3123
3131
3132
3133
3211
3212
3213
3221
3222
3223
3231
3232
3233
3311
3312
3313
3321
3322
3323
3331
3332
3333
11111
11112
11113
11121
11122
11123
11131
11132
11133
11211
11212
11213
11221
11222
11223
11231
11232
11233
11311
11312
11313
11321
11322
11323
11331
11332
11333
12111
12112
12113
12121
12122
12123
12131
12132
12133
12211
12212
12213
12221
12222
12223
12231
12232
12233
12311
12312
12313
12321
12322
12323
12331
12332
12333
13111
13112
13113
13121
13122
13123
13131
13132
13133
13211
13212
13213
13221
13222
13223
13231
13232
13233
13311
13312
13313
13321
13322
13323
13331
13332
13333
21111
21112
21113
21121
21122
21123
21131
21132
21133
21211
21212
21213
21221
21222
21223
21231
21232
21233
21311
21312
21313
21321
21322
21323
21331
21332
21333
22111
22112
22113
22121
22122
22123
22131
22132
22133
22211
22212
22213
22221
22222
22223
22231
22232
22233
22311
22312
22313
22321
22322
22323
22331
22332
22333
23111
23112
23113
23121
23122
23123
23131
23132
23133
23211
23212
23213
23221
23222
23223
23231
23232
23233
23311
23312
23313
23321
23322
23323
23331
23332
23333
31111
31112
31113
31121
31122
31123
31131
31132
31133
31211
31212
31213
31221
31222
31223
31231
31232
31233
31311
31312
31313
31321
31322
31323
31331
31332
31333
32111
32112
32113
32121
32122
32123
32131
32132
32133
32211
32212
32213
32221
32222
32223
32231
32232
32233
32311
32312
32313
32321
32322
32323
32331
32332
32333
33111
33112
33113
33121
33122
33123
33131
33132
33133
33211
33212
33213
33221
33222
33223
33231
33232
33233
33311
33312
33313
33321
33322
33323
33331
33332
33333
111111
111112
111113
111121
111122
111123
111131
111132
111133
111211
111212
111213
111221
111222
111223
111231
111232
111233
111311
111312
111313
111321
111322
111323
111331
111332
111333
112111
112112
112113
112121
112122
112123
112131
112132
112133
112211
112212
112213
112221
112222
112223
112231
112232
112233
112311
112312
112313
112321
112322
112323
112331
112332
112333
113111
113112
113113
113121
113122
113123
113131
113132
113133
113211
113212
113213
113221
113222
113223
113231
113232
113233
113311
113312
113313
113321
113322
113323
113331
113332
113333
121111
121112
121113
121121
121122
121123
121131
121132
121133
121211
121212
121213
121221
121222
121223
121231
121232
121233
121311
121312
121313
121321
121322
121323
121331
121332
121333
122111
122112
122113
122121
122122
122123
122131
122132
122133
122211
122212
122213
122221
122222
122223
122231
122232
122233
122311
122312
122313
122321
122322
122323
122331
122332
122333
123111
123112
123113
123121
123122
123123
123131
123132
123133
123211
123212
123213
123221
123222
123223
123231
123232
123233
123311
123312
123313
123321
123322
123323
123331
123332
123333
131111
131112
131113
131121
131122
131123
131131
131132
131133
131211
131212
131213
131221
131222
131223
131231
131232
131233
131311
131312
131313
131321
131322
131323
131331
131332
131333
132111
132112
132113
132121
132122
132123
132131
132132
132133
132211
132212
132213
132221
132222
132223
132231
132232
132233
132311
132312
132313
132321
132322
132323
132331
132332
132333
133111
133112
133113
133121
133122
133123
133131
133132
133133
133211
133212
133213
133221
133222
133223
133231
133232
133233
133311
133312
133313
133321
133322
133323
133331
133332
133333
211111
211112
211113
211121
211122
211123
211131
211132
211133
211211
211212
211213
211221
211222
211223
211231
211232
211233
211311
211312
211313
211321
211322
211323
211331
211332
211333
212111
212112
212113
212121
212122
212123
212131
212132
212133
212211
212212
212213
212221
212222
212223
212231
212232
212233
212311
212312
212313
212321
212322
212323
212331
212332
212333
213111
213112
213113
213121
213122
213123
213131
213132
213133
213211
213212
213213
213221
213222
213223
213231
213232
213233
213311
213312
213313
213321
213322
213323
213331
213332
213333
221111
221112
221113
221121
221122
221123
221131
221132
221133
221211
221212
221213
221221
221222
221223
221231
221232
221233
221311
221312
221313
221321
221322
221323
221331
221332
221333
222111
222112
222113
222121
222122
222123
222131
222132
222133
222211
222212
222213
222221
222222
222223
222231
222232
222233
222311
222312
222313
222321
222322
222323
222331
222332
222333
223111
223112
223113
223121
223122
223123
223131
223132
223133
223211
223212
223213
223221
223222
223223
223231
223232
223233
223311
223312
223313
223321
223322
223323
223331
223332
223333
231111
231112
231113
231121
231122
231123
231131
231132
231133
231211
231212
231213
231221
231222
231223
231231
231232
231233
231311
231312
231313
231321
231322
231323
231331
231332
231333
232111
232112
232113
232121
232122
232123
232131
232132
232133
232211
232212
232213
232221
232222
232223
232231
232232
232233
232311
232312
232313
232321
232322
232323
232331
232332
232333
233111
233112
233113
233121
233122
233123
233131
233132
233133
233211
233212
233213
233221
233222
233223
233231
233232
233233
233311
233312
233313
233321
233322
233323
233331
233332
233333
311111
311112
311113
311121
311122
311123
311131
311132
311133
311211
311212
311213
311221
311222
311223
311231
311232
311233
311311
311312
311313
311321
311322
311323
311331
311332
311333
312111
312112
312113
312121
312122
312123
312131
312132
312133
312211
312212
312213
312221
312222
312223
312231
312232
312233
312311
312312
312313
312321
312322
312323
312331
312332
312333
313111
313112
313113
313121
313122
313123
313131
313132
313133
313211
313212
313213
313221
313222
313223
313231
313232
313233
313311
313312
313313
313321
313322
313323
313331
313332
313333
321111
321112
321113
321121
321122
321123
321131
321132
321133
321211
321212
321213
321221
321222
321223
321231
321232
321233
321311
321312
321313
321321
321322
321323
321331
321332
321333
322111
322112
322113
322121
322122
322123
322131
322132
322133
322211
322212
322213
322221
322222
322223
322231
322232
322233
322311
322312
322313
322321
322322
322323
322331
322332
322333
323111
323112
323113
323121
323122
323123
323131
323132
323133
323211
323212
323213
323221
323222
323223
323231
323232
323233
323311
323312
323313
323321
323322
323323
323331
323332
323333
331111
331112
331113
331121
331122
331123
331131
331132
331133
331211
331212
331213
331221
331222
331223
331231
331232
331233
331311
331312
331313
331321
331322
331323
331331
331332
331333
332111
332112
332113
332121
332122
332123
332131
332132
332133
332211
332212
332213
332221
332222
332223
332231
332232
332233
332311
332312
332313
332321
332322
332323
332331
332332
332333
333111
333112
333113
333121
333122
333123
333131
333132
333133
333211
333212
333213
333221
333222
333223
333231
333232
333233
333311
333312
333313
333321
333322
333323
333331
333332
333333
1111111
1111112
1111113
1111121
1111122
1111123
1111131
1111132
1111133
1111211
1111212
1111213
1111221
1111222
1111223
1111231
1111232
1111233
1111311
1111312
1111313
1111321
1111322
1111323
1111331
1111332
1111333
1112111
1112112
1112113
1112121
1112122
1112123
1112131
1112132
1112133
1112211
1112212
1112213
1112221
1112222
1112223
1112231
1112232
1112233
1112311
1112312
1112313
1112321
1112322
1112323
1112331
1112332
1112333
1113111
1113112
1113113
1113121
1113122
1113123
1113131
1113132
1113133
1113211
1113212
1113213
1113221
1113222
1113223
1113231
1113232
1113233
1113311
1113312
1113313
1113321
1113322
1113323
1113331
1113332
1113333
1121111
1121112
1121113
1121121
1121122
1121123
1121131
1121132
1121133
1121211
1121212
1121213
1121221
1121222
1121223
1121231
1121232
1121233
1121311
1121312
1121313
1121321
1121322
1121323
1121331
1121332
1121333
1122111
1122112
1122113
1122121
1122122
1122123
1122131
1122132
1122133
1122211
1122212
1122213
1122221
1122222
1122223
1122231
1122232
1122233
1122311
1122312
1122313
1122321
1122322
1122323
1122331
1122332
1122333
1123111
1123112
1123113
1123121
1123122
1123123
1123131
1123132
1123133
1123211
1123212
1123213
1123221
1123222
1123223
1123231
1123232
1123233
1123311
1123312
1123313
1123321
1123322
1123323
1123331
1123332
1123333
1131111
1131112
1131113
1131121
1131122
1131123
1131131
1131132
1131133
1131211
1131212
1131213
1131221
1131222
1131223
1131231
1131232
1131233
1131311
1131312
1131313
1131321
1131322
1131323
1131331
1131332
1131333
1132111
1132112
1132113
1132121
1132122
1132123
1132131
1132132
1132133
1132211
1132212
1132213
1132221
1132222
1132223
1132231
1132232
1132233
1132311
1132312
1132313
1132321
1132322
1132323
1132331
1132332
1132333
1133111
1133112
1133113
1133121
1133122
1133123
1133131
1133132
1133133
1133211
1133212
1133213
1133221
1133222
1133223
1133231
1133232
1133233
1133311
1133312
1133313
1133321
1133322
1133323
1133331
1133332
1133333
1211111
1211112
1211113
1211121
1211122
1211123
1211131
1211132
1211133
1211211
1211212
1211213
1211221
1211222
1211223
1211231
1211232
1211233
1211311
1211312
1211313
1211321
1211322
1211323
1211331
1211332
1211333
1212111
1212112
1212113
1212121
1212122
1212123
1212131
1212132
1212133
1212211
1212212
1212213
1212221
1212222
1212223
1212231
1212232
1212233
1212311
1212312
1212313
1212321
1212322
1212323
1212331
1212332
1212333
1213111
1213112
1213113
1213121
1213122
1213123
1213131
1213132
1213133
1213211
1213212
1213213
1213221
1213222
1213223
1213231
1213232
1213233
1213311
1213312
1213313
1213321
1213322
1213323
1213331
1213332
1213333
1221111
1221112
1221113
1221121
1221122
1221123
1221131
1221132
1221133
1221211
1221212
1221213
1221221
1221222
1221223
1221231
1221232
1221233
1221311
1221312
1221313
1221321
1221322
1221323
1221331
1221332
1221333
1222111
1222112
1222113
1222121
1222122
1222123
1222131
1222132
1222133
1222211
1222212
1222213
1222221
1222222
1222223
1222231
1222232
1222233
1222311
1222312
1222313
1222321
1222322
1222323
1222331
1222332
1222333
1223111
1223112
1223113
1223121
1223122
1223123
1223131
1223132
1223133
1223211
1223212
1223213
1223221
1223222
1223223
1223231
1223232
1223233
1223311
1223312
1223313
1223321
1223322
1223323
1223331
1223332
1223333
1231111
1231112
1231113
1231121
1231122
1231123
1231131
1231132
1231133
1231211
1231212
1231213
1231221
1231222
1231223
1231231
1231232
1231233
1231311
1231312
1231313
1231321
1231322
1231323
1231331
1231332
1231333
1232111
1232112
1232113
1232121
1232122
1232123
1232131
1232132
1232133
1232211
1232212
1232213
1232221
1232222
1232223
1232231
1232232
1232233
1232311
1232312
1232313
1232321
1232322
1232323
1232331
1232332
1232333
1233111
1233112
1233113
1233121
1233122
1233123
1233131
1233132
1233133
1233211
1233212
1233213
1233221
1233222
1233223
1233231
1233232
1233233
1233311
1233312
1233313
1233321
1233322
1233323
1233331
1233332
1233333
1311111
1311112
1311113
1311121
1311122
1311123
1311131
1311132
1311133
1311211
1311212
1311213
1311221
1311222
1311223
1311231
1311232
1311233
1311311
1311312
1311313
1311321
1311322
1311323
1311331
1311332
1311333
1312111
1312112
1312113
1312121
1312122
1312123
1312131
1312132
1312133
1312211
1312212
1312213
1312221
1312222
1312223
1312231
1312232
1312233
1312311
1312312
1312313
1312321
1312322
1312323
1312331
1312332
1312333
1313111
1313112
1313113
1313121
1313122
1313123
1313131
1313132
1313133
1313211
1313212
1313213
1313221
1313222
1313223
1313231
1313232
1313233
1313311
1313312
1313313
1313321
1313322
1313323
1313331
1313332
1313333
1321111
1321112
1321113
1321121
1321122
1321123
1321131
1321132
1321133
1321211
1321212
1321213
1321221
1321222
1321223
1321231
1321232
1321233
1321311
1321312
1321313
1321321
1321322
1321323
1321331
1321332
1321333
1322111
1322112
1322113
1322121
1322122
1322123
1322131
1322132
1322133
1322211
1322212
1322213
1322221
1322222
1322223
1322231
1322232
1322233
1322311
1322312
1322313
1322321
1322322
1322323
1322331
1322332
1322333
1323111
1323112
1323113
1323121
1323122
1323123
1323131
1323132
1323133
1323211
1323212
1323213
1323221
1323222
1323223
1323231
1323232
1323233
1323311
1323312
1323313
1323321
1323322
1323323
1323331
1323332
1323333
1331111
1331112
1331113
1331121
1331122
1331123
1331131
1331132
1331133
1331211
1331212
1331213
1331221
1331222
1331223
1331231
1331232
1331233
1331311
1331312
1331313
1331321
1331322
1331323
1331331
1331332
1331333
1332111
1332112
1332113
1332121
1332122
1332123
1332131
1332132
1332133
1332211
1332212
1332213
1332221
1332222
1332223
1332231
1332232
1332233
1332311
1332312
1332313
1332321
1332322
1332323
1332331
1332332
1332333
1333111
1333112
1333113
1333121
1333122
1333123
1333131
1333132
1333133
1333211
1333212
1333213
1333221
1333222
1333223
1333231
1333232
1333233
1333311
1333312
1333313
1333321
1333322
1333323
1333331
1333332
1333333
2111111
2111112
2111113
2111121
2111122
2111123
2111131
2111132
2111133
2111211
2111212
2111213
2111221
2111222
2111223
2111231
2111232
2111233
2111311
2111312
2111313
2111321
2111322
2111323
2111331
2111332
2111333
2112111
2112112
2112113
2112121
2112122
2112123
2112131
2112132
2112133
2112211
2112212
2112213
2112221
2112222
2112223
2112231
2112232
2112233
2112311
2112312
2112313
2112321
2112322
2112323
2112331
2112332
2112333
2113111
2113112
2113113
2113121
2113122
2113123
2113131
2113132
2113133
2113211
2113212
2113213
2113221
2113222
2113223
2113231
2113232
2113233
2113311
2113312
2113313
2113321
2113322
2113323
2113331
2113332
2113333
2121111
2121112
2121113
2121121
2121122
2121123
2121131
2121132
2121133
2121211
2121212
2121213
2121221
2121222
2121223
2121231
2121232
2121233
2121311
2121312
2121313
2121321
2121322
2121323
2121331
2121332
2121333
2122111
2122112
2122113
2122121
2122122
2122123
2122131
2122132
2122133
2122211
2122212
2122213
2122221
2122222
2122223
2122231
2122232
2122233
2122311
2122312
2122313
2122321
2122322
2122323
2122331
2122332
2122333
2123111
2123112
2123113
2123121
2123122
2123123
2123131
2123132
2123133
2123211
2123212
2123213
2123221
2123222
2123223
2123231
2123232
2123233
2123311
2123312
2123313
2123321
2123322
2123323
2123331
2123332
2123333
2131111
2131112
2131113
2131121
2131122
2131123
2131131
2131132
2131133
2131211
2131212
2131213
2131221
2131222
2131223
2131231
2131232
2131233
2131311
2131312
2131313
2131321
2131322
2131323
2131331
2131332
2131333
2132111
2132112
2132113
2132121
2132122
2132123
2132131
2132132
2132133
2132211
2132212
2132213
2132221
2132222
2132223
2132231
2132232
2132233
2132311
2132312
2132313
2132321
2132322
2132323
2132331
2132332
2132333
2133111
2133112
2133113
2133121
2133122
2133123
2133131
2133132
2133133
2133211
2133212
2133213
2133221
2133222
2133223
2133231
2133232
2133233
2133311
2133312
2133313
2133321
2133322
2133323
2133331
2133332
2133333
2211111
2211112
2211113
2211121
2211122
2211123
2211131
2211132
2211133
2211211
2211212
2211213
2211221
2211222
2211223
2211231
2211232
2211233
2211311
2211312
2211313
2211321
2211322
2211323
2211331
2211332
2211333
2212111
2212112
2212113
2212121
2212122
2212123
2212131
2212132
2212133
2212211
2212212
2212213
2212221
2212222
2212223
2212231
2212232
2212233
2212311
2212312
2212313
2212321
2212322
2212323
2212331
2212332
2212333
2213111
2213112
2213113
2213121
2213122
2213123
2213131
2213132
2213133
2213211
2213212
2213213
2213221
2213222
2213223
2213231
2213232
2213233
2213311
2213312
2213313
2213321
2213322
2213323
2213331
2213332
2213333
2221111
2221112
2221113
2221121
2221122
2221123
2221131
2221132
2221133
2221211
2221212
2221213
2221221
2221222
2221223
2221231
2221232
2221233
2221311
2221312
2221313
2221321
2221322
2221323
2221331
2221332
2221333
2222111
2222112
2222113
2222121
2222122
2222123
2222131
2222132
2222133
2222211
2222212
2222213
2222221
2222222
2222223
2222231
2222232
2222233
2222311
2222312
2222313
2222321
2222322
2222323
2222331
2222332
2222333
2223111
2223112
2223113
2223121
2223122
2223123
2223131
2223132
2223133
2223211
2223212
2223213
2223221
2223222
2223223
2223231
2223232
2223233
2223311
2223312
2223313
2223321
2223322
2223323
2223331
2223332
2223333
2231111
2231112
2231113
2231121
2231122
2231123
2231131
2231132
2231133
2231211
2231212
2231213
2231221
2231222
2231223
2231231
2231232
2231233
2231311
2231312
2231313
2231321
2231322
2231323
2231331
2231332
2231333
2232111
2232112
2232113
2232121
2232122
2232123
2232131
2232132
2232133
2232211
2232212
2232213
2232221
2232222
2232223
2232231
2232232
2232233
2232311
2232312
2232313
2232321
2232322
2232323
2232331
2232332
2232333
2233111
2233112
2233113
2233121
2233122
2233123
2233131
2233132
2233133
2233211
2233212
2233213
2233221
2233222
2233223
2233231
2233232
2233233
2233311
2233312
2233313
2233321
2233322
2233323
2233331
2233332
2233333
2311111
2311112
2311113
2311121
2311122
2311123
2311131
2311132
2311133
2311211
2311212
2311213
2311221
2311222
2311223
2311231
2311232
2311233
2311311
2311312
2311313
2311321
2311322
2311323
2311331
2311332
2311333
2312111
2312112
2312113
2312121
2312122
2312123
2312131
2312132
2312133
2312211
2312212
2312213
2312221
2312222
2312223
2312231
2312232
2312233
2312311
2312312
2312313
2312321
2312322
2312323
2312331
2312332
2312333
2313111
2313112
2313113
2313121
2313122
2313123
2313131
2313132
2313133
2313211
2313212
2313213
2313221
2313222
2313223
2313231
2313232
2313233
2313311
2313312
2313313
2313321
2313322
2313323
2313331
2313332
2313333
2321111
2321112
2321113
2321121
2321122
2321123
2321131
2321132
2321133
2321211
2321212
2321213
2321221
2321222
2321223
2321231
2321232
2321233
2321311
2321312
2321313
2321321
2321322
2321323
2321331
2321332
2321333
2322111
2322112
2322113
2322121
2322122
2322123
2322131
2322132
2322133
2322211
2322212
2322213
2322221
2322222
2322223
2322231
2322232
2322233
2322311
2322312
2322313
2322321
2322322
2322323
2322331
2322332
2322333
2323111
2323112
2323113
2323121
2323122
2323123
2323131
2323132
2323133
2323211
2323212
2323213
2323221
2323222
2323223
2323231
2323232
2323233
2323311
2323312
2323313
2323321
2323322
2323323
2323331
2323332
2323333
2331111
2331112
2331113
2331121
2331122
2331123
2331131
2331132
2331133
2331211
2331212
2331213
2331221
2331222
2331223
2331231
2331232
2331233
2331311
2331312
2331313
2331321
2331322
2331323
2331331
2331332
2331333
2332111
2332112
2332113
2332121
2332122
2332123
2332131
2332132
2332133
2332211
2332212
2332213
2332221
2332222
2332223
2332231
2332232
2332233
2332311
2332312
2332313
2332321
2332322
2332323
2332331
2332332
2332333
2333111
2333112
2333113
2333121
2333122
2333123
2333131
2333132
2333133
2333211
2333212
2333213
2333221
2333222
2333223
2333231
2333232
2333233
2333311
2333312
2333313
2333321
2333322
2333323
2333331
2333332
2333333
3111111
3111112
3111113
3111121
3111122
3111123
3111131
3111132
3111133
3111211
3111212
3111213
3111221
3111222
3111223
3111231
3111232
3111233
3111311
3111312
3111313
3111321
3111322
3111323
3111331
3111332
3111333
3112111
3112112
3112113
3112121
3112122
3112123
3112131
3112132
3112133
3112211
3112212
3112213
3112221
3112222
3112223
3112231
3112232
3112233
3112311
3112312
3112313
3112321
3112322
3112323
3112331
3112332
3112333
3113111
3113112
3113113
3113121
3113122
3113123
3113131
3113132
3113133
3113211
3113212
3113213
3113221
3113222
3113223
3113231
3113232
3113233
3113311
3113312
3113313
3113321
3113322
3113323
3113331
3113332
3113333
3121111
3121112
3121113
3121121
3121122
3121123
3121131
3121132
3121133
3121211
3121212
3121213
3121221
3121222
3121223
3121231
3121232
3121233
3121311
3121312
3121313
3121321
3121322
3121323
3121331
3121332
3121333
3122111
3122112
3122113
3122121
3122122
3122123
3122131
3122132
3122133
3122211
3122212
3122213
3122221
3122222
3122223
3122231
3122232
3122233
3122311
3122312
3122313
3122321
3122322
3122323
3122331
3122332
3122333
3123111
3123112
3123113
3123121
3123122
3123123
3123131
3123132
3123133
3123211
3123212
3123213
3123221
3123222
3123223
3123231
3123232
3123233
3123311
3123312
3123313
3123321
3123322
3123323
3123331
3123332
3123333
3131111
3131112
3131113
3131121
3131122
3131123
3131131
3131132
3131133
3131211
3131212
3131213
3131221
3131222
3131223
3131231
3131232
3131233
3131311
3131312
3131313
3131321
3131322
3131323
3131331
3131332
3131333
3132111
3132112
3132113
3132121
3132122
3132123
3132131
3132132
3132133
3132211
3132212
3132213
3132221
3132222
3132223
3132231
3132232
3132233
3132311
3132312
3132313
3132321
3132322
3132323
3132331
3132332
3132333
3133111
3133112
3133113
3133121
3133122
3133123
3133131
3133132
3133133
3133211
3133212
3133213
3133221
3133222
3133223
3133231
3133232
3133233
3133311
3133312
3133313
3133321
3133322
3133323
3133331
3133332
3133333
3211111
3211112
3211113
3211121
3211122
3211123
3211131
3211132
3211133
3211211
3211212
3211213
3211221
3211222
3211223
3211231
3211232
3211233
3211311
3211312
3211313
3211321
3211322
3211323
3211331
3211332
3211333
3212111
3212112
3212113
3212121
3212122
3212123
3212131
3212132
3212133
3212211
3212212
3212213
3212221
3212222
3212223
3212231
3212232
3212233
3212311
3212312
3212313
3212321
3212322
3212323
3212331
3212332
3212333
3213111
3213112
3213113
3213121
3213122
3213123
3213131
3213132
3213133
3213211
3213212
3213213
3213221
3213222
3213223
3213231
3213232
3213233
3213311
3213312
3213313
3213321
3213322
3213323
3213331
3213332
3213333
3221111
3221112
3221113
3221121
3221122
3221123
3221131
3221132
3221133
3221211
3221212
3221213
3221221
3221222
3221223
3221231
3221232
3221233
3221311
3221312
3221313
3221321
3221322
3221323
3221331
3221332
3221333
3222111
3222112
3222113
3222121
3222122
3222123
3222131
3222132
3222133
3222211
3222212
3222213
3222221
3222222
3222223
3222231
3222232
3222233
3222311
3222312
3222313
3222321
3222322
3222323
3222331
3222332
3222333
3223111
3223112
3223113
3223121
3223122
3223123
3223131
3223132
3223133
3223211
3223212
3223213
3223221
3223222
3223223
3223231
3223232
3223233
3223311
3223312
3223313
3223321
3223322
3223323
3223331
3223332
3223333
3231111
3231112
3231113
3231121
3231122
3231123
3231131
3231132
3231133
3231211
3231212
3231213
3231221
3231222
3231223
3231231
3231232
3231233
3231311
3231312
3231313
3231321
3231322
3231323
3231331
3231332
3231333
3232111
3232112
3232113
3232121
3232122
3232123
3232131
3232132
3232133
3232211
3232212
3232213
3232221
3232222
3232223
3232231
3232232
3232233
3232311
3232312
3232313
3232321
3232322
3232323
3232331
3232332
3232333
3233111
3233112
3233113
3233121
3233122
3233123
3233131
3233132
3233133
3233211
3233212
3233213
3233221
3233222
3233223
3233231
3233232
3233233
3233311
3233312
3233313
3233321
3233322
3233323
3233331
3233332
3233333
3311111
3311112
3311113
3311121
3311122
3311123
3311131
3311132
3311133
3311211
3311212
3311213
3311221
3311222
3311223
3311231
3311232
3311233
3311311
3311312
3311313
3311321
3311322
3311323
3311331
3311332
3311333
3312111
3312112
3312113
3312121
3312122
3312123
3312131
3312132
3312133
3312211
3312212
3312213
3312221
3312222
3312223
3312231
3312232
3312233
3312311
3312312
3312313
3312321
3312322
3312323
3312331
3312332
3312333
3313111
3313112
3313113
3313121
3313122
3313123
3313131
3313132
3313133
3313211
3313212
3313213
3313221
3313222
3313223
3313231
3313232
3313233
3313311
3313312
3313313
3313321
3313322
3313323
3313331
3313332
3313333
3321111
3321112
3321113
3321121
3321122
3321123
3321131
3321132
3321133
3321211
3321212
3321213
3321221
3321222
3321223
3321231
3321232
3321233
3321311
3321312
3321313
3321321
3321322
3321323
3321331
3321332
3321333
3322111
3322112
3322113
3322121
3322122
3322123
3322131
3322132
3322133
3322211
3322212
3322213
3322221
3322222
3322223
3322231
3322232
3322233
3322311
3322312
3322313
3322321
3322322
3322323
3322331
3322332
3322333
3323111
3323112
3323113
3323121
3323122
3323123
3323131
3323132
3323133
3323211
3323212
3323213
3323221
3323222
3323223
3323231
3323232
3323233
3323311
3323312
3323313
3323321
3323322
3323323
3323331
3323332
3323333
3331111
3331112
3331113
3331121
3331122
3331123
3331131
3331132
3331133
3331211
3331212
3331213
3331221
3331222
3331223
3331231
3331232
3331233
3331311
3331312
3331313
3331321
3331322
3331323
3331331
3331332
3331333
3332111
3332112
3332113
3332121
3332122
3332123
3332131
3332132
3332133
3332211
3332212
3332213
3332221
3332222
3332223
3332231
3332232
3332233
3332311
3332312
3332313
3332321
3332322
3332323
3332331
3332332
3332333
3333111
3333112
3333113
3333121
3333122
3333123
3333131
3333132
3333133
3333211
3333212
3333213
3333221
3333222
3333223
3333231
3333232
3333233
3333311
3333312
3333313
3333321
3333322
3333323
3333331
3333332
3333333
11111111
11111112
11111113
11111121
11111122
11111123
11111131
11111132
11111133
11111211
11111212
11111213
11111221
11111222
11111223
11111231
11111232
11111233
11111311
11111312
11111313
11111321
11111322
11111323
11111331
11111332
11111333
11112111
11112112
11112113
11112121
11112122
11112123
11112131
11112132
11112133
11112211
11112212
11112213
11112221
11112222
11112223
11112231
11112232
11112233
11112311
11112312
11112313
11112321
11112322
11112323
11112331
11112332
11112333
11113111
11113112
11113113
11113121
11113122
11113123
11113131
11113132
11113133
11113211
11113212
11113213
11113221
11113222
11113223
11113231
11113232
11113233
11113311
11113312
11113313
11113321
11113322
11113323
11113331
11113332
11113333
11121111
11121112
11121113
11121121
11121122
11121123
11121131
11121132
11121133
11121211
11121212
11121213
11121221
11121222
11121223
11121231
11121232
11121233
11121311
11121312
11121313
11121321
11121322
11121323
11121331
11121332
11121333
11122111
11122112
11122113
11122121
11122122
11122123
11122131
11122132
11122133
11122211
11122212
11122213
11122221
11122222
11122223
11122231
11122232
11122233
11122311
11122312
11122313
11122321
11122322
11122323
11122331
11122332
11122333
11123111
11123112
11123113
11123121
11123122
11123123
11123131
11123132
11123133
11123211
11123212
11123213
11123221
11123222
11123223
11123231
11123232
11123233
11123311
11123312
11123313
11123321
11123322
11123323
11123331
11123332
11123333
11131111
11131112
11131113
11131121
11131122
11131123
11131131
11131132
11131133
11131211
11131212
11131213
11131221
11131222
11131223
11131231
11131232
11131233
11131311
11131312
11131313
11131321
11131322
11131323
11131331
11131332
11131333
11132111
11132112
11132113
11132121
11132122
11132123
11132131
11132132
11132133
11132211
11132212
11132213
11132221
11132222
11132223
11132231
11132232
11132233
11132311
11132312
11132313
11132321
11132322
11132323
11132331
11132332
11132333
11133111
11133112
11133113
11133121
11133122
11133123
11133131
11133132
11133133
11133211
11133212
11133213
11133221
11133222
11133223
11133231
11133232
11133233
11133311
11133312
11133313
11133321
11133322
11133323
11133331
11133332
11133333
11211111
11211112
11211113
11211121
11211122
11211123
11211131
11211132
11211133
11211211
11211212
11211213
11211221
11211222
11211223
11211231
11211232
11211233
11211311
11211312
11211313
11211321
11211322
11211323
11211331
11211332
11211333
11212111
11212112
11212113
11212121
11212122
11212123
11212131
11212132
11212133
11212211
11212212
11212213
11212221
11212222
11212223
11212231
11212232
11212233
11212311
11212312
11212313
11212321
11212322
11212323
11212331
11212332
11212333
11213111
11213112
11213113
11213121
11213122
11213123
11213131
11213132
11213133
11213211
11213212
11213213
11213221
11213222
11213223
11213231
11213232
11213233
11213311
11213312
11213313
11213321
11213322
11213323
11213331
11213332
11213333
11221111
11221112
11221113
11221121
11221122
11221123
11221131
11221132
11221133
11221211
11221212
11221213
11221221
11221222
11221223
11221231
11221232
11221233
11221311
11221312
11221313
11221321
11221322
11221323
11221331
11221332
11221333
11222111
11222112
11222113
11222121
11222122
11222123
11222131
11222132
11222133
11222211
11222212
11222213
11222221
11222222
11222223
11222231
11222232
11222233
11222311
11222312
11222313
11222321
11222322
11222323
11222331
11222332
11222333
11223111
11223112
11223113
11223121
11223122
11223123
11223131
11223132
11223133
11223211
11223212
11223213
11223221
11223222
11223223
11223231
11223232
11223233
11223311
11223312
11223313
11223321
11223322
11223323
11223331
11223332
11223333
11231111
11231112
11231113
11231121
11231122
11231123
11231131
11231132
11231133
11231211
11231212
11231213
11231221
11231222
11231223
11231231
11231232
11231233
11231311
11231312
11231313
11231321
11231322
11231323
11231331
11231332
11231333
11232111
11232112
11232113
11232121
11232122
11232123
11232131
11232132
11232133
11232211
11232212
11232213
11232221
11232222
11232223
11232231
11232232
11232233
11232311
11232312
11232313
11232321
11232322
11232323
11232331
11232332
11232333
11233111
11233112
11233113
11233121
11233122
11233123
11233131
11233132
11233133
11233211
11233212
11233213
11233221
11233222
11233223
11233231
11233232
11233233
11233311
11233312
11233313
11233321
11233322
11233323
11233331
11233332
11233333
11311111
11311112
11311113
11311121
11311122
11311123
11311131
11311132
11311133
11311211
11311212
11311213
11311221
11311222
11311223
11311231
11311232
11311233
11311311
11311312
11311313
11311321
11311322
11311323
11311331
11311332
11311333
11312111
11312112
11312113
11312121
11312122
11312123
11312131
11312132
11312133
11312211
11312212
11312213
11312221
11312222
11312223
11312231
11312232
11312233
11312311
11312312
11312313
11312321
11312322
11312323
11312331
11312332
11312333
11313111
11313112
11313113
11313121
11313122
11313123
11313131
11313132
11313133
11313211
11313212
11313213
11313221
11313222
11313223
11313231
11313232
11313233
11313311
11313312
11313313
11313321
11313322
11313323
11313331
11313332
11313333
11321111
11321112
11321113
11321121
11321122
11321123
11321131
11321132
11321133
11321211
11321212
11321213
11321221
11321222
11321223
11321231
11321232
11321233
11321311
11321312
11321313
11321321
11321322
11321323
11321331
11321332
11321333
11322111
11322112
11322113
11322121
11322122
11322123
11322131
11322132
11322133
11322211
11322212
11322213
11322221
11322222
11322223
11322231
11322232
11322233
11322311
11322312
11322313
11322321
11322322
11322323
11322331
11322332
11322333
11323111
11323112
11323113
11323121
11323122
11323123
11323131
11323132
11323133
11323211
11323212
11323213
11323221
11323222
11323223
11323231
11323232
11323233
11323311
11323312
11323313
11323321
11323322
11323323
11323331
11323332
11323333
11331111
11331112
11331113
11331121
11331122
11331123
11331131
11331132
11331133
11331211
11331212
11331213
11331221
11331222
11331223
11331231
11331232
11331233
11331311
11331312
11331313
11331321
11331322
11331323
11331331
11331332
11331333
11332111
11332112
11332113
11332121
11332122
11332123
11332131
11332132
11332133
11332211
11332212
11332213
11332221
11332222
11332223
11332231
11332232
11332233
11332311
11332312
11332313
11332321
11332322
11332323
11332331
11332332
11332333
11333111
11333112
11333113
11333121
11333122
11333123
11333131
11333132
11333133
11333211
11333212
11333213
11333221
11333222
11333223
11333231
11333232
11333233
11333311
11333312
11333313
11333321
11333322
11333323
11333331
11333332
11333333
12111111
12111112
12111113
12111121
12111122
12111123
12111131
12111132
12111133
12111211
12111212
12111213
12111221
12111222
12111223
12111231
12111232
12111233
12111311
12111312
12111313
12111321
12111322
12111323
12111331
12111332
12111333
12112111
12112112
12112113
12112121
12112122
12112123
12112131
12112132
12112133
12112211
12112212
12112213
12112221
12112222
12112223
12112231
12112232
12112233
12112311
12112312
12112313
12112321
12112322
12112323
12112331
12112332
12112333
12113111
12113112
12113113
12113121
12113122
12113123
12113131
12113132
12113133
12113211
12113212
12113213
12113221
12113222
12113223
12113231
12113232
12113233
12113311
12113312
12113313
12113321
12113322
12113323
12113331
12113332
12113333
12121111
12121112
12121113
12121121
12121122
12121123
12121131
12121132
12121133
12121211
12121212
12121213
12121221
12121222
12121223
12121231
12121232
12121233
12121311
12121312
12121313
12121321
12121322
12121323
12121331
12121332
12121333
12122111
12122112
12122113
12122121
12122122
12122123
12122131
12122132
12122133
12122211
12122212
12122213
12122221
12122222
12122223
12122231
12122232
12122233
12122311
12122312
12122313
12122321
12122322
12122323
12122331
12122332
12122333
12123111
12123112
12123113
12123121
12123122
12123123
12123131
12123132
12123133
12123211
12123212
12123213
12123221
12123222
12123223
12123231
12123232
12123233
12123311
12123312
12123313
12123321
12123322
12123323
12123331
12123332
12123333
12131111
12131112
12131113
12131121
12131122
12131123
12131131
12131132
12131133
12131211
12131212
12131213
12131221
12131222
12131223
12131231
12131232
12131233
12131311
12131312
12131313
12131321
12131322
12131323
12131331
12131332
12131333
12132111
12132112
12132113
12132121
12132122
12132123
12132131
12132132
12132133
12132211
12132212
12132213
12132221
12132222
12132223
12132231
12132232
12132233
12132311
12132312
12132313
12132321
12132322
12132323
12132331
12132332
12132333
12133111
12133112
12133113
12133121
12133122
12133123
12133131
12133132
12133133
12133211
12133212
12133213
12133221
12133222
12133223
12133231
12133232
12133233
12133311
12133312
12133313
12133321
12133322
12133323
12133331
12133332
12133333
12211111
12211112
12211113
12211121
12211122
12211123
12211131
12211132
12211133
12211211
12211212
12211213
12211221
12211222
12211223
12211231
12211232
12211233
12211311
12211312
12211313
12211321
12211322
12211323
12211331
12211332
12211333
12212111
12212112
12212113
12212121
12212122
12212123
12212131
12212132
12212133
12212211
12212212
12212213
12212221
12212222
12212223
12212231
12212232
12212233
12212311
12212312
12212313
12212321
12212322
12212323
12212331
12212332
12212333
12213111
12213112
12213113
12213121
12213122
12213123
12213131
12213132
12213133
12213211
12213212
12213213
12213221
12213222
12213223
12213231
12213232
12213233
12213311
12213312
12213313
12213321
12213322
12213323
12213331
12213332
12213333
12221111
12221112
12221113
12221121
12221122
12221123
12221131
12221132
12221133
12221211
12221212
12221213
12221221
12221222
12221223
12221231
12221232
12221233
12221311
12221312
12221313
12221321
12221322
12221323
12221331
12221332
12221333
12222111
12222112
12222113
12222121
12222122
12222123
12222131
12222132
12222133
12222211
12222212
12222213
12222221
12222222
12222223
12222231
12222232
12222233
12222311
12222312
12222313
12222321
12222322
12222323
12222331
12222332
12222333
12223111
12223112
12223113
12223121
12223122
12223123
12223131
12223132
12223133
12223211
12223212
12223213
12223221
12223222
12223223
12223231
12223232
12223233
12223311
12223312
12223313
12223321
12223322
12223323
12223331
12223332
12223333
12231111
12231112
12231113
12231121
12231122
12231123
12231131
12231132
12231133
12231211
12231212
12231213
12231221
12231222
12231223
12231231
12231232
12231233
12231311
12231312
12231313
12231321
12231322
12231323
12231331
12231332
12231333
12232111
12232112
12232113
12232121
12232122
12232123
12232131
12232132
12232133
12232211
12232212
12232213
12232221
12232222
12232223
12232231
12232232
12232233
12232311
12232312
12232313
12232321
12232322
12232323
12232331
12232332
12232333
12233111
12233112
12233113
12233121
12233122
12233123
12233131
12233132
12233133
12233211
12233212
12233213
12233221
12233222
12233223
12233231
12233232
12233233
12233311
12233312
12233313
12233321
12233322
12233323
12233331
12233332
12233333
12311111
12311112
12311113
12311121
12311122
12311123
12311131
12311132
12311133
12311211
12311212
12311213
12311221
12311222
12311223
12311231
12311232
12311233
12311311
12311312
12311313
12311321
12311322
12311323
12311331
12311332
12311333
12312111
12312112
12312113
12312121
12312122
12312123
12312131
12312132
12312133
12312211
12312212
12312213
12312221
12312222
12312223
12312231
12312232
12312233
12312311
12312312
12312313
12312321
12312322
12312323
12312331
12312332
12312333
12313111
12313112
12313113
12313121
12313122
12313123
12313131
12313132
12313133
12313211
12313212
12313213
12313221
12313222
12313223
12313231
12313232
12313233
12313311
12313312
12313313
12313321
12313322
12313323
12313331
12313332
12313333
12321111
12321112
12321113
12321121
12321122
12321123
12321131
12321132
12321133
12321211
12321212
12321213
12321221
12321222
12321223
12321231
12321232
12321233
12321311
12321312
12321313
12321321
12321322
12321323
12321331
12321332
12321333
12322111
12322112
12322113
12322121
12322122
12322123
12322131
12322132
12322133
12322211
12322212
12322213
12322221
12322222
12322223
12322231
12322232
12322233
12322311
12322312
12322313
12322321
12322322
12322323
12322331
12322332
12322333
12323111
12323112
12323113
12323121
12323122
12323123
12323131
12323132
12323133
12323211
12323212
12323213
12323221
12323222
12323223
12323231
12323232
12323233
12323311
12323312
12323313
12323321
12323322
12323323
12323331
12323332
12323333
12331111
12331112
12331113
12331121
12331122
12331123
12331131
12331132
12331133
12331211
12331212
12331213
12331221
12331222
12331223
12331231
12331232
12331233
12331311
12331312
12331313
12331321
12331322
12331323
12331331
12331332
12331333
12332111
12332112
12332113
12332121
12332122
12332123
12332131
12332132
12332133
12332211
12332212
12332213
12332221
12332222
12332223
12332231
12332232
12332233
12332311
12332312
12332313
12332321
12332322
12332323
12332331
12332332
12332333
12333111
12333112
12333113
12333121
12333122
12333123
12333131
12333132
12333133
12333211
12333212
12333213
12333221
12333222
12333223
12333231
12333232
12333233
12333311
12333312
12333313
12333321
12333322
12333323
12333331
12333332
12333333
13111111
13111112
13111113
13111121
13111122
13111123
13111131
13111132
13111133
13111211
13111212
13111213
13111221
13111222
13111223
13111231
13111232
13111233
13111311
13111312
13111313
13111321
13111322
13111323
13111331
13111332
13111333
13112111
13112112
13112113
13112121
13112122
13112123
13112131
13112132
13112133
13112211
13112212
13112213
13112221
13112222
13112223
13112231
13112232
13112233
13112311
13112312
13112313
13112321
13112322
13112323
13112331
13112332
13112333
13113111
13113112
13113113
13113121
13113122
13113123
13113131
13113132
13113133
13113211
13113212
13113213
13113221
13113222
13113223
13113231
13113232
13113233
13113311
13113312
13113313
13113321
13113322
13113323
13113331
13113332
13113333
13121111
13121112
13121113
13121121
13121122
13121123
13121131
13121132
13121133
13121211
13121212
13121213
13121221
13121222
13121223
13121231
13121232
13121233
13121311
13121312
13121313
13121321
13121322
13121323
13121331
13121332
13121333
13122111
13122112
13122113
13122121
13122122
13122123
13122131
13122132
13122133
13122211
13122212
13122213
13122221
13122222
13122223
13122231
13122232
13122233
13122311
13122312
13122313
13122321
13122322
13122323
13122331
13122332
13122333
13123111
13123112
13123113
13123121
13123122
13123123
13123131
13123132
13123133
13123211
13123212
13123213
13123221
13123222
13123223
13123231
13123232
13123233
13123311
13123312
13123313
13123321
13123322
13123323
13123331
13123332
13123333
13131111
13131112
13131113
13131121
13131122
13131123
13131131
13131132
13131133
13131211
13131212
13131213
13131221
13131222
13131223
13131231
13131232
13131233
13131311
13131312
13131313
13131321
13131322
13131323
13131331
13131332
13131333
13132111
13132112
13132113
13132121
13132122
13132123
13132131
13132132
13132133
13132211
13132212
13132213
13132221
13132222
13132223
13132231
13132232
13132233
13132311
13132312
13132313
13132321
13132322
13132323
13132331
13132332
13132333
13133111
13133112
13133113
13133121
13133122
13133123
13133131
13133132
13133133
13133211
13133212
13133213
13133221
13133222
13133223
13133231
13133232
13133233
13133311
13133312
13133313
13133321
13133322
13133323
13133331
13133332
13133333
13211111
13211112
13211113
13211121
13211122
13211123
13211131
13211132
13211133
13211211
13211212
13211213
13211221
13211222
13211223
13211231
13211232
13211233
13211311
13211312
13211313
13211321
13211322
13211323
13211331
13211332
13211333
13212111
13212112
13212113
13212121
13212122
13212123
13212131
13212132
13212133
13212211
13212212
13212213
13212221
13212222
13212223
13212231
13212232
13212233
13212311
13212312
13212313
13212321
13212322
13212323
13212331
13212332
13212333
13213111
13213112
13213113
13213121
13213122
13213123
13213131
13213132
13213133
13213211
13213212
13213213
13213221
13213222
13213223
13213231
13213232
13213233
13213311
13213312
13213313
13213321
13213322
13213323
13213331
13213332
13213333
13221111
13221112
13221113
13221121
13221122
13221123
13221131
13221132
13221133
13221211
13221212
13221213
13221221
13221222
13221223
13221231
13221232
13221233
13221311
13221312
13221313
13221321
13221322
13221323
13221331
13221332
13221333
13222111
13222112
13222113
13222121
13222122
13222123
13222131
13222132
13222133
13222211
13222212
13222213
13222221
13222222
13222223
13222231
13222232
13222233
13222311
13222312
13222313
13222321
13222322
13222323
13222331
13222332
13222333
13223111
13223112
13223113
13223121
13223122
13223123
13223131
13223132
13223133
13223211
13223212
13223213
13223221
13223222
13223223
13223231
13223232
13223233
13223311
13223312
13223313
13223321
13223322
13223323
13223331
13223332
13223333
13231111
13231112
13231113
13231121
13231122
13231123
13231131
13231132
13231133
13231211
13231212
13231213
13231221
13231222
13231223
13231231
13231232
13231233
13231311
13231312
13231313
13231321
13231322
13231323
13231331
13231332
13231333
13232111
13232112
13232113
13232121
13232122
13232123
13232131
13232132
13232133
13232211
13232212
13232213
13232221
13232222
13232223
13232231
13232232
13232233
13232311
13232312
13232313
13232321
13232322
13232323
13232331
13232332
13232333
13233111
13233112
13233113
13233121
13233122
13233123
13233131
13233132
13233133
13233211
13233212
13233213
13233221
13233222
13233223
13233231
13233232
13233233
13233311
13233312
13233313
13233321
13233322
13233323
13233331
13233332
13233333
13311111
13311112
13311113
13311121
13311122
13311123
13311131
13311132
13311133
13311211
13311212
13311213
13311221
13311222
13311223
13311231
13311232
13311233
13311311
13311312
13311313
13311321
13311322
13311323
13311331
13311332
13311333
13312111
13312112
13312113
13312121
13312122
13312123
13312131
13312132
13312133
13312211
13312212
13312213
13312221
13312222
13312223
13312231
13312232
13312233
13312311
13312312
13312313
13312321
13312322
13312323
13312331
13312332
13312333
13313111
13313112
13313113
13313121
13313122
13313123
13313131
13313132
13313133
13313211
13313212
13313213
13313221
13313222
13313223
13313231
13313232
13313233
13313311
13313312
13313313
13313321
13313322
13313323
13313331
13313332
13313333
13321111
13321112
13321113
13321121
13321122
13321123
13321131
13321132
13321133
13321211
13321212
13321213
13321221
13321222
13321223
13321231
13321232
13321233
13321311
13321312
13321313
13321321
13321322
13321323
13321331
13321332
13321333
13322111
13322112
13322113
13322121
13322122
13322123
13322131
13322132
13322133
13322211
13322212
13322213
13322221
13322222
13322223
13322231
13322232
13322233
13322311
13322312
13322313
13322321
13322322
13322323
13322331
13322332
13322333
13323111
13323112
13323113
13323121
13323122
13323123
13323131
13323132
13323133
13323211
13323212
13323213
13323221
13323222
13323223
13323231
13323232
13323233
13323311
13323312
13323313
13323321
13323322
13323323
13323331
13323332
13323333
13331111
13331112
13331113
13331121
13331122
13331123
13331131
13331132
13331133
13331211
13331212
13331213
13331221
13331222
13331223
13331231
13331232
13331233
13331311
13331312
13331313
13331321
13331322
13331323
13331331
13331332
13331333
13332111
13332112
13332113
13332121
13332122
13332123
13332131
13332132
13332133
13332211
13332212
13332213
13332221
13332222
13332223
13332231
13332232
13332233
13332311
13332312
13332313
13332321
13332322
13332323
13332331
13332332
13332333
13333111
13333112
13333113
13333121
13333122
13333123
13333131
13333132
13333133
13333211
13333212
13333213
13333221
13333222
13333223
13333231
13333232
13333233
13333311
13333312
13333313
13333321
13333322
13333323
13333331
13333332
13333333
21111111
21111112
21111113
21111121
21111122
21111123
21111131
21111132
21111133
21111211
21111212
21111213
21111221
21111222
21111223
21111231
21111232
21111233
21111311
21111312
21111313
21111321
21111322
21111323
21111331
21111332
21111333
21112111
21112112
21112113
21112121
21112122
21112123
21112131
21112132
21112133
21112211
21112212
21112213
21112221
21112222
21112223
21112231
21112232
21112233
21112311
21112312
21112313
21112321
21112322
21112323
21112331
21112332
21112333
21113111
21113112
21113113
21113121
21113122
21113123
21113131
21113132
21113133
21113211
21113212
21113213
21113221
21113222
21113223
21113231
21113232
21113233
21113311
21113312
21113313
21113321
21113322
21113323
21113331
21113332
21113333
21121111
21121112
21121113
21121121
21121122
21121123
21121131
21121132
21121133
21121211
21121212
21121213
21121221
21121222
21121223
21121231
21121232
21121233
21121311
21121312
21121313
21121321
21121322
21121323
21121331
21121332
21121333
21122111
21122112
21122113
21122121
21122122
21122123
21122131
21122132
21122133
21122211
21122212
21122213
21122221
21122222
21122223
21122231
21122232
21122233
21122311
21122312
21122313
21122321
21122322
21122323
21122331
21122332
21122333
21123111
21123112
21123113
21123121
21123122
21123123
21123131
21123132
21123133
21123211
21123212
21123213
21123221
21123222
21123223
21123231
21123232
21123233
21123311
21123312
21123313
21123321
21123322
21123323
21123331
21123332
21123333
21131111
21131112
21131113
21131121
21131122
21131123
21131131
21131132
21131133
21131211
21131212
21131213
21131221
21131222
21131223
21131231
21131232
21131233
21131311
21131312
21131313
21131321
21131322
21131323
21131331
21131332
21131333
21132111
21132112
21132113
21132121
21132122
21132123
21132131
21132132
21132133
21132211
21132212
21132213
21132221
21132222
21132223
21132231
21132232
21132233
21132311
21132312
21132313
21132321
21132322
21132323
21132331
21132332
21132333
21133111
21133112
21133113
21133121
21133122
21133123
21133131
21133132
21133133
21133211
21133212
21133213
21133221
21133222
21133223
21133231
21133232
21133233
21133311
21133312
21133313
21133321
21133322
21133323
21133331
21133332
21133333
21211111
21211112
21211113
21211121
21211122
21211123
21211131
21211132
21211133
21211211
21211212
21211213
21211221
21211222
21211223
21211231
21211232
21211233
21211311
21211312
21211313
21211321
21211322
21211323
21211331
21211332
21211333
21212111
21212112
21212113
21212121
21212122
21212123
21212131
21212132
21212133
21212211
21212212
21212213
21212221
21212222
21212223
21212231
21212232
21212233
21212311
21212312
21212313
21212321
21212322
21212323
21212331
21212332
21212333
21213111
21213112
21213113
21213121
21213122
21213123
21213131
21213132
21213133
21213211
21213212
21213213
21213221
21213222
21213223
21213231
21213232
21213233
21213311
21213312
21213313
21213321
21213322
21213323
21213331
21213332
21213333
21221111
21221112
21221113
21221121
21221122
21221123
21221131
21221132
21221133
21221211
21221212
21221213
21221221
21221222
21221223
21221231
21221232
21221233
21221311
21221312
21221313
21221321
21221322
21221323
21221331
21221332
21221333
21222111
21222112
21222113
21222121
21222122
21222123
21222131
21222132
21222133
21222211
21222212
21222213
21222221
21222222
21222223
21222231
21222232
21222233
21222311
21222312
21222313
21222321
21222322
21222323
21222331
21222332
21222333
21223111
21223112
21223113
21223121
21223122
21223123
21223131
21223132
21223133
21223211
21223212
21223213
21223221
21223222
21223223
21223231
21223232
21223233
21223311
21223312
21223313
21223321
21223322
21223323
21223331
21223332
21223333
21231111
21231112
21231113
21231121
21231122
21231123
21231131
21231132
21231133
21231211
21231212
21231213
21231221
21231222
21231223
21231231
21231232
21231233
21231311
21231312
21231313
21231321
21231322
21231323
21231331
21231332
21231333
21232111
21232112
21232113
21232121
21232122
21232123
21232131
21232132
21232133
21232211
21232212
21232213
21232221
21232222
21232223
21232231
21232232
21232233
21232311
21232312
21232313
21232321
21232322
21232323
21232331
21232332
21232333
21233111
21233112
21233113
21233121
21233122
21233123
21233131
21233132
21233133
21233211
21233212
21233213
21233221
21233222
21233223
21233231
21233232
21233233
21233311
21233312
21233313
21233321
21233322
21233323
21233331
21233332
21233333
21311111
21311112
21311113
21311121
21311122
21311123
21311131
21311132
21311133
21311211
21311212
21311213
21311221
21311222
21311223
21311231
21311232
21311233
21311311
21311312
21311313
21311321
21311322
21311323
21311331
21311332
21311333
21312111
21312112
21312113
21312121
21312122
21312123
21312131
21312132
21312133
21312211
21312212
21312213
21312221
21312222
21312223
21312231
21312232
21312233
21312311
21312312
21312313
21312321
21312322
21312323
21312331
21312332
21312333
21313111
21313112
21313113
21313121
21313122
21313123
21313131
21313132
21313133
21313211
21313212
21313213
21313221
21313222
21313223
21313231
21313232
21313233
21313311
21313312
21313313
21313321
21313322
21313323
21313331
21313332
21313333
21321111
21321112
21321113
21321121
21321122
21321123
21321131
21321132
21321133
21321211
21321212
21321213
21321221
21321222
21321223
21321231
21321232
21321233
21321311
21321312
21321313
21321321
21321322
21321323
21321331
21321332
21321333
21322111
21322112
21322113
21322121
21322122
21322123
21322131
21322132
21322133
21322211
21322212
21322213
21322221
21322222
21322223
21322231
21322232
21322233
21322311
21322312
21322313
21322321
21322322
21322323
21322331
21322332
21322333
21323111
21323112
21323113
21323121
21323122
21323123
21323131
21323132
21323133
21323211
21323212
21323213
21323221
21323222
21323223
21323231
21323232
21323233
21323311
21323312
21323313
21323321
21323322
21323323
21323331
21323332
21323333
21331111
21331112
21331113
21331121
21331122
21331123
21331131
21331132
21331133
21331211
21331212
21331213
21331221
21331222
21331223
21331231
21331232
21331233
21331311
21331312
21331313
21331321
21331322
21331323
21331331
21331332
21331333
21332111
21332112
21332113
21332121
21332122
21332123
21332131
21332132
21332133
21332211
21332212
21332213
21332221
21332222
21332223
21332231
21332232
21332233
21332311
21332312
21332313
21332321
21332322
21332323
21332331
21332332
21332333
21333111
21333112
21333113
21333121
21333122
21333123
21333131
21333132
21333133
21333211
21333212
21333213
21333221
21333222
21333223
21333231
21333232
21333233
21333311
21333312
21333313
21333321
21333322
21333323
21333331
21333332
21333333
22111111
22111112
22111113
22111121
22111122
22111123
22111131
22111132
22111133
22111211
22111212
22111213
22111221
22111222
22111223
22111231
22111232
22111233
22111311
22111312
22111313
22111321
22111322
22111323
22111331
22111332
22111333
22112111
22112112
22112113
22112121
22112122
22112123
22112131
22112132
22112133
22112211
22112212
22112213
22112221
22112222
22112223
22112231
22112232
22112233
22112311
22112312
22112313
22112321
22112322
22112323
22112331
22112332
22112333
22113111
22113112
22113113
22113121
22113122
22113123
22113131
22113132
22113133
22113211
22113212
22113213
22113221
22113222
22113223
22113231
22113232
22113233
22113311
22113312
22113313
22113321
22113322
22113323
22113331
22113332
22113333
22121111
22121112
22121113
22121121
22121122
22121123
22121131
22121132
22121133
22121211
22121212
22121213
22121221
22121222
22121223
22121231
22121232
22121233
22121311
22121312
22121313
22121321
22121322
22121323
22121331
22121332
22121333
22122111
22122112
22122113
22122121
22122122
22122123
22122131
22122132
22122133
22122211
22122212
22122213
22122221
22122222
22122223
22122231
22122232
22122233
22122311
22122312
22122313
22122321
22122322
22122323
22122331
22122332
22122333
22123111
22123112
22123113
22123121
22123122
22123123
22123131
22123132
22123133
22123211
22123212
22123213
22123221
22123222
22123223
22123231
22123232
22123233
22123311
22123312
22123313
22123321
22123322
22123323
22123331
22123332
22123333
22131111
22131112
22131113
22131121
22131122
22131123
22131131
22131132
22131133
22131211
22131212
22131213
22131221
22131222
22131223
22131231
22131232
22131233
22131311
22131312
22131313
22131321
22131322
22131323
22131331
22131332
22131333
22132111
22132112
22132113
22132121
22132122
22132123
22132131
22132132
22132133
22132211
22132212
22132213
22132221
22132222
22132223
22132231
22132232
22132233
22132311
22132312
22132313
22132321
22132322
22132323
22132331
22132332
22132333
22133111
22133112
22133113
22133121
22133122
22133123
22133131
22133132
22133133
22133211
22133212
22133213
22133221
22133222
22133223
22133231
22133232
22133233
22133311
22133312
22133313
22133321
22133322
22133323
22133331
22133332
22133333
22211111
22211112
22211113
22211121
22211122
22211123
22211131
22211132
22211133
22211211
22211212
22211213
22211221
22211222
22211223
22211231
22211232
22211233
22211311
22211312
22211313
22211321
22211322
22211323
22211331
22211332
22211333
22212111
22212112
22212113
22212121
22212122
22212123
22212131
22212132
22212133
22212211
22212212
22212213
22212221
22212222
22212223
22212231
22212232
22212233
22212311
22212312
22212313
22212321
22212322
22212323
22212331
22212332
22212333
22213111
22213112
22213113
22213121
22213122
22213123
22213131
22213132
22213133
22213211
22213212
22213213
22213221
22213222
22213223
22213231
22213232
22213233
22213311
22213312
22213313
22213321
22213322
22213323
22213331
22213332
22213333
22221111
22221112
22221113
22221121
22221122
22221123
22221131
22221132
22221133
22221211
22221212
22221213
22221221
22221222
22221223
22221231
22221232
22221233
22221311
22221312
22221313
22221321
22221322
22221323
22221331
22221332
22221333
22222111
22222112
22222113
22222121
22222122
22222123
22222131
22222132
22222133
22222211
22222212
22222213
22222221
22222222
22222223
22222231
22222232
22222233
22222311
22222312
22222313
22222321
22222322
22222323
22222331
22222332
22222333
22223111
22223112
22223113
22223121
22223122
22223123
22223131
22223132
22223133
22223211
22223212
22223213
22223221
22223222
22223223
22223231
22223232
22223233
22223311
22223312
22223313
22223321
22223322
22223323
22223331
22223332
22223333
22231111
22231112
22231113
22231121
22231122
22231123
22231131
22231132
22231133
22231211
22231212
22231213
22231221
22231222
22231223
22231231
22231232
22231233
22231311
22231312
22231313
22231321
22231322
22231323
22231331
22231332
22231333
22232111
22232112
22232113
22232121
22232122
22232123
22232131
22232132
22232133
22232211
22232212
22232213
22232221
22232222
22232223
22232231
22232232
22232233
22232311
22232312
22232313
22232321
22232322
22232323
22232331
22232332
22232333
22233111
22233112
22233113
22233121
22233122
22233123
22233131
22233132
22233133
22233211
22233212
22233213
22233221
22233222
22233223
22233231
22233232
22233233
22233311
22233312
22233313
22233321
22233322
22233323
22233331
22233332
22233333
22311111
22311112
22311113
22311121
22311122
22311123
22311131
22311132
22311133
22311211
22311212
22311213
22311221
22311222
22311223
22311231
22311232
22311233
22311311
22311312
22311313
22311321
22311322
22311323
22311331
22311332
22311333
22312111
22312112
22312113
22312121
22312122
22312123
22312131
22312132
22312133
22312211
22312212
22312213
22312221
22312222
22312223
22312231
22312232
22312233
22312311
22312312
22312313
22312321
22312322
22312323
22312331
22312332
22312333
22313111
22313112
22313113
22313121
22313122
22313123
22313131
22313132
22313133
22313211
22313212
22313213
22313221
22313222
22313223
22313231
22313232
22313233
22313311
22313312
22313313
22313321
22313322
22313323
22313331
22313332
22313333
22321111
22321112
22321113
22321121
22321122
22321123
22321131
22321132
22321133
22321211
22321212
22321213
22321221
22321222
22321223
22321231
22321232
22321233
22321311
22321312
22321313
22321321
22321322
22321323
22321331
22321332
22321333
22322111
22322112
22322113
22322121
22322122
22322123
22322131
22322132
22322133
22322211
22322212
22322213
22322221
22322222
22322223
22322231
22322232
22322233
22322311
22322312
22322313
22322321
22322322
22322323
22322331
22322332
22322333
22323111
22323112
22323113
22323121
22323122
22323123
22323131
22323132
22323133
22323211
22323212
22323213
22323221
22323222
22323223
22323231
22323232
22323233
22323311
22323312
22323313
22323321
22323322
22323323
22323331
22323332
22323333
22331111
22331112
22331113
22331121
22331122
22331123
22331131
22331132
22331133
22331211
22331212
22331213
22331221
22331222
22331223
22331231
22331232
22331233
22331311
22331312
22331313
22331321
22331322
22331323
22331331
22331332
22331333
22332111
22332112
22332113
22332121
22332122
22332123
22332131
22332132
22332133
22332211
22332212
22332213
22332221
22332222
22332223
22332231
22332232
22332233
22332311
22332312
22332313
22332321
22332322
22332323
22332331
22332332
22332333
22333111
22333112
22333113
22333121
22333122
22333123
22333131
22333132
22333133
22333211
22333212
22333213
22333221
22333222
22333223
22333231
22333232
22333233
22333311
22333312
22333313
22333321
22333322
22333323
22333331
22333332
22333333
23111111
23111112
23111113
23111121
23111122
23111123
23111131
23111132
23111133
23111211
23111212
23111213
23111221
23111222
23111223
23111231
23111232
23111233
23111311
23111312
23111313
23111321
23111322
23111323
23111331
23111332
23111333
23112111
23112112
23112113
23112121
23112122
23112123
23112131
23112132
23112133
23112211
23112212
23112213
23112221
23112222
23112223
23112231
23112232
23112233
23112311
23112312
23112313
23112321
23112322
23112323
23112331
23112332
23112333
23113111
23113112
23113113
23113121
23113122
23113123
23113131
23113132
23113133
23113211
23113212
23113213
23113221
23113222
23113223
23113231
23113232
23113233
23113311
23113312
23113313
23113321
23113322
23113323
23113331
23113332
23113333
23121111
23121112
23121113
23121121
23121122
23121123
23121131
23121132
23121133
23121211
23121212
23121213
23121221
23121222
23121223
23121231
23121232
23121233
23121311
23121312
23121313
23121321
23121322
23121323
23121331
23121332
23121333
23122111
23122112
23122113
23122121
23122122
23122123
23122131
23122132
23122133
23122211
23122212
23122213
23122221
23122222
23122223
23122231
23122232
23122233
23122311
23122312
23122313
23122321
23122322
23122323
23122331
23122332
23122333
23123111
23123112
23123113
23123121
23123122
23123123
23123131
23123132
23123133
23123211
23123212
23123213
23123221
23123222
23123223
23123231
23123232
23123233
23123311
23123312
23123313
23123321
23123322
23123323
23123331
23123332
23123333
23131111
23131112
23131113
23131121
23131122
23131123
23131131
23131132
23131133
23131211
23131212
23131213
23131221
23131222
23131223
23131231
23131232
23131233
23131311
23131312
23131313
23131321
23131322
23131323
23131331
23131332
23131333
23132111
23132112
23132113
23132121
23132122
23132123
23132131
23132132
23132133
23132211
23132212
23132213
23132221
23132222
23132223
23132231
23132232
23132233
23132311
23132312
23132313
23132321
23132322
23132323
23132331
23132332
23132333
23133111
23133112
23133113
23133121
23133122
23133123
23133131
23133132
23133133
23133211
23133212
23133213
23133221
23133222
23133223
23133231
23133232
23133233
23133311
23133312
23133313
23133321
23133322
23133323
23133331
23133332
23133333
23211111
23211112
23211113
23211121
23211122
23211123
23211131
23211132
23211133
23211211
23211212
23211213
23211221
23211222
23211223
23211231
23211232
23211233
23211311
23211312
23211313
23211321
23211322
23211323
23211331
23211332
23211333
23212111
23212112
23212113
23212121
23212122
23212123
23212131
23212132
23212133
23212211
23212212
23212213
23212221
23212222
23212223
23212231
23212232
23212233
23212311
23212312
23212313
23212321
23212322
23212323
23212331
23212332
23212333
23213111
23213112
23213113
23213121
23213122
23213123
23213131
23213132
23213133
23213211
23213212
23213213
23213221
23213222
23213223
23213231
23213232
23213233
23213311
23213312
23213313
23213321
23213322
23213323
23213331
23213332
23213333
23221111
23221112
23221113
23221121
23221122
23221123
23221131
23221132
23221133
23221211
23221212
23221213
23221221
23221222
23221223
23221231
23221232
23221233
23221311
23221312
23221313
23221321
23221322
23221323
23221331
23221332
23221333
23222111
23222112
23222113
23222121
23222122
23222123
23222131
23222132
23222133
23222211
23222212
23222213
23222221
23222222
23222223
23222231
23222232
23222233
23222311
23222312
23222313
23222321
23222322
23222323
23222331
23222332
23222333
23223111
23223112
23223113
23223121
23223122
23223123
23223131
23223132
23223133
23223211
23223212
23223213
23223221
23223222
23223223
23223231
23223232
23223233
23223311
23223312
23223313
23223321
23223322
23223323
23223331
23223332
23223333
23231111
23231112
23231113
23231121
23231122
23231123
23231131
23231132
23231133
23231211
23231212
23231213
23231221
23231222
23231223
23231231
23231232
23231233
23231311
23231312
23231313
23231321
23231322
23231323
23231331
23231332
23231333
23232111
23232112
23232113
23232121
23232122
23232123
23232131
23232132
23232133
23232211
23232212
23232213
23232221
23232222
23232223
23232231
23232232
23232233
23232311
23232312
23232313
23232321
23232322
23232323
23232331
23232332
23232333
23233111
23233112
23233113
23233121
23233122
23233123
23233131
23233132
23233133
23233211
23233212
23233213
23233221
23233222
23233223
23233231
23233232
23233233
23233311
23233312
23233313
23233321
23233322
23233323
23233331
23233332
23233333
23311111
23311112
23311113
23311121
23311122
23311123
23311131
23311132
23311133
23311211
23311212
23311213
23311221
23311222
23311223
23311231
23311232
23311233
23311311
23311312
23311313
23311321
23311322
23311323
23311331
23311332
23311333
23312111
23312112
23312113
23312121
23312122
23312123
23312131
23312132
23312133
23312211
23312212
23312213
23312221
23312222
23312223
23312231
23312232
23312233
23312311
23312312
23312313
23312321
23312322
23312323
23312331
23312332
23312333
23313111
23313112
23313113
23313121
23313122
23313123
23313131
23313132
23313133
23313211
23313212
23313213
23313221
23313222
23313223
23313231
23313232
23313233
23313311
23313312
23313313
23313321
23313322
23313323
23313331
23313332
23313333
23321111
23321112
23321113
23321121
23321122
23321123
23321131
23321132
23321133
23321211
23321212
23321213
23321221
23321222
23321223
23321231
23321232
23321233
23321311
23321312
23321313
23321321
23321322
23321323
23321331
23321332
23321333
23322111
23322112
23322113
23322121
23322122
23322123
23322131
23322132
23322133
23322211
23322212
23322213
23322221
23322222
23322223
23322231
23322232
23322233
23322311
23322312
23322313
23322321
23322322
23322323
23322331
23322332
23322333
23323111
23323112
23323113
23323121
23323122
23323123
23323131
23323132
23323133
23323211
23323212
23323213
23323221
23323222
23323223
23323231
23323232
23323233
23323311
23323312
23323313
23323321
23323322
23323323
23323331
23323332
23323333
23331111
23331112
23331113
23331121
23331122
23331123
23331131
23331132
23331133
23331211
23331212
23331213
23331221
23331222
23331223
23331231
23331232
23331233
23331311
23331312
23331313
23331321
23331322
23331323
23331331
23331332
23331333
23332111
23332112
23332113
23332121
23332122
23332123
23332131
23332132
23332133
23332211
23332212
23332213
23332221
23332222
23332223
23332231
23332232
23332233
23332311
23332312
23332313
23332321
23332322
23332323
23332331
23332332
23332333
23333111
23333112
23333113
23333121
23333122
23333123
23333131
23333132
23333133
23333211
23333212
23333213
23333221
23333222
23333223
23333231
23333232
23333233
23333311
23333312
23333313
23333321
23333322
23333323
23333331
23333332
23333333
31111111
31111112
31111113
31111121
31111122
31111123
31111131
31111132
31111133
31111211
31111212
31111213
31111221
31111222
31111223
31111231
31111232
31111233
31111311
31111312
31111313
31111321
31111322
31111323
31111331
31111332
31111333
31112111
31112112
31112113
31112121
31112122
31112123
31112131
31112132
31112133
31112211
31112212
31112213
31112221
31112222
31112223
31112231
31112232
31112233
31112311
31112312
31112313
31112321
31112322
31112323
31112331
31112332
31112333
31113111
31113112
31113113
31113121
31113122
31113123
31113131
31113132
31113133
31113211
31113212
31113213
31113221
31113222
31113223
31113231
31113232
31113233
31113311
31113312
31113313
31113321
31113322
31113323
31113331
31113332
31113333
31121111
31121112
31121113
31121121
31121122
31121123
31121131
31121132
31121133
31121211
31121212
31121213
31121221
31121222
31121223
31121231
31121232
31121233
31121311
31121312
31121313
31121321
31121322
31121323
31121331
31121332
31121333
31122111
31122112
31122113
31122121
31122122
31122123
31122131
31122132
31122133
31122211
31122212
31122213
31122221
31122222
31122223
31122231
31122232
31122233
31122311
31122312
31122313
31122321
31122322
31122323
31122331
31122332
31122333
31123111
31123112
31123113
31123121
31123122
31123123
31123131
31123132
31123133
31123211
31123212
31123213
31123221
31123222
31123223
31123231
31123232
31123233
31123311
31123312
31123313
31123321
31123322
31123323
31123331
31123332
31123333
31131111
31131112
31131113
31131121
31131122
31131123
31131131
31131132
31131133
31131211
31131212
31131213
31131221
31131222
31131223
31131231
31131232
31131233
31131311
31131312
31131313
31131321
31131322
31131323
31131331
31131332
31131333
31132111
31132112
31132113
31132121
31132122
31132123
31132131
31132132
31132133
31132211
31132212
31132213
31132221
31132222
31132223
31132231
31132232
31132233
31132311
31132312
31132313
31132321
31132322
31132323
31132331
31132332
31132333
31133111
31133112
31133113
31133121
31133122
31133123
31133131
31133132
31133133
31133211
31133212
31133213
31133221
31133222
31133223
31133231
31133232
31133233
31133311
31133312
31133313
31133321
31133322
31133323
31133331
31133332
31133333
31211111
31211112
31211113
31211121
31211122
31211123
31211131
31211132
31211133
31211211
31211212
31211213
31211221
31211222
31211223
31211231
31211232
31211233
31211311
31211312
31211313
31211321
31211322
31211323
31211331
31211332
31211333
31212111
31212112
31212113
31212121
31212122
31212123
31212131
31212132
31212133
31212211
31212212
31212213
31212221
31212222
31212223
31212231
31212232
31212233
31212311
31212312
31212313
31212321
31212322
31212323
31212331
31212332
31212333
31213111
31213112
31213113
31213121
31213122
31213123
31213131
31213132
31213133
31213211
31213212
31213213
31213221
31213222
31213223
31213231
31213232
31213233
31213311
31213312
31213313
31213321
31213322
31213323
31213331
31213332
31213333
31221111
31221112
31221113
31221121
31221122
31221123
31221131
31221132
31221133
31221211
31221212
31221213
31221221
31221222
31221223
31221231
31221232
31221233
31221311
31221312
31221313
31221321
31221322
31221323
31221331
31221332
31221333
31222111
31222112
31222113
31222121
31222122
31222123
31222131
31222132
31222133
31222211
31222212
31222213
31222221
31222222
31222223
31222231
31222232
31222233
31222311
31222312
31222313
31222321
31222322
31222323
31222331
31222332
31222333
31223111
31223112
31223113
31223121
31223122
31223123
31223131
31223132
31223133
31223211
31223212
31223213
31223221
31223222
31223223
31223231
31223232
31223233
31223311
31223312
31223313
31223321
31223322
31223323
31223331
31223332
31223333
31231111
31231112
31231113
31231121
31231122
31231123
31231131
31231132
31231133
31231211
31231212
31231213
31231221
31231222
31231223
31231231
31231232
31231233
31231311
31231312
31231313
31231321
31231322
31231323
31231331
31231332
31231333
31232111
31232112
31232113
31232121
31232122
31232123
31232131
31232132
31232133
31232211
31232212
31232213
31232221
31232222
31232223
31232231
31232232
31232233
31232311
31232312
31232313
31232321
31232322
31232323
31232331
31232332
31232333
31233111
31233112
31233113
31233121
31233122
31233123
31233131
31233132
31233133
31233211
31233212
31233213
31233221
31233222
31233223
31233231
31233232
31233233
31233311
31233312
31233313
31233321
31233322
31233323
31233331
31233332
31233333
31311111
31311112
31311113
31311121
31311122
31311123
31311131
31311132
31311133
31311211
31311212
31311213
31311221
31311222
31311223
31311231
31311232
31311233
31311311
31311312
31311313
31311321
31311322
31311323
31311331
31311332
31311333
31312111
31312112
31312113
31312121
31312122
31312123
31312131
31312132
31312133
31312211
31312212
31312213
31312221
31312222
31312223
31312231
31312232
31312233
31312311
31312312
31312313
31312321
31312322
31312323
31312331
31312332
31312333
31313111
31313112
31313113
31313121
31313122
31313123
31313131
31313132
31313133
31313211
31313212
31313213
31313221
31313222
31313223
31313231
31313232
31313233
31313311
31313312
31313313
31313321
31313322
31313323
31313331
31313332
31313333
31321111
31321112
31321113
31321121
31321122
31321123
31321131
31321132
31321133
31321211
31321212
31321213
31321221
31321222
31321223
31321231
31321232
31321233
31321311
31321312
31321313
31321321
31321322
31321323
31321331
31321332
31321333
31322111
31322112
31322113
31322121
31322122
31322123
31322131
31322132
31322133
31322211
31322212
31322213
31322221
31322222
31322223
31322231
31322232
31322233
31322311
31322312
31322313
31322321
31322322
31322323
31322331
31322332
31322333
31323111
31323112
31323113
31323121
31323122
31323123
31323131
31323132
31323133
31323211
31323212
31323213
31323221
31323222
31323223
31323231
31323232
31323233
31323311
31323312
31323313
31323321
31323322
31323323
31323331
31323332
31323333
31331111
31331112
31331113
31331121
31331122
31331123
31331131
31331132
31331133
31331211
31331212
31331213
31331221
31331222
31331223
31331231
31331232
31331233
31331311
31331312
31331313
31331321
31331322
31331323
31331331
31331332
31331333
31332111
31332112
31332113
31332121
31332122
31332123
31332131
31332132
31332133
31332211
31332212
31332213
31332221
31332222
31332223
31332231
31332232
31332233
31332311
31332312
31332313
31332321
31332322
31332323
31332331
31332332
31332333
31333111
31333112
31333113
31333121
31333122
31333123
31333131
31333132
31333133
31333211
31333212
31333213
31333221
31333222
31333223
31333231
31333232
31333233
31333311
31333312
31333313
31333321
31333322
31333323
31333331
31333332
31333333
32111111
32111112
32111113
32111121
32111122
32111123
32111131
32111132
32111133
32111211
32111212
32111213
32111221
32111222
32111223
32111231
32111232
32111233
32111311
32111312
32111313
32111321
32111322
32111323
32111331
32111332
32111333
32112111
32112112
32112113
32112121
32112122
32112123
32112131
32112132
32112133
32112211
32112212
32112213
32112221
32112222
32112223
32112231
32112232
32112233
32112311
32112312
32112313
32112321
32112322
32112323
32112331
32112332
32112333
32113111
32113112
32113113
32113121
32113122
32113123
32113131
32113132
32113133
32113211
32113212
32113213
32113221
32113222
32113223
32113231
32113232
32113233
32113311
32113312
32113313
32113321
32113322
32113323
32113331
32113332
32113333
32121111
32121112
32121113
32121121
32121122
32121123
32121131
32121132
32121133
32121211
32121212
32121213
32121221
32121222
32121223
32121231
32121232
32121233
32121311
32121312
32121313
32121321
32121322
32121323
32121331
32121332
32121333
32122111
32122112
32122113
32122121
32122122
32122123
32122131
32122132
32122133
32122211
32122212
32122213
32122221
32122222
32122223
32122231
32122232
32122233
32122311
32122312
32122313
32122321
32122322
32122323
32122331
32122332
32122333
32123111
32123112
32123113
32123121
32123122
32123123
32123131
32123132
32123133
32123211
32123212
32123213
32123221
32123222
32123223
32123231
32123232
32123233
32123311
32123312
32123313
32123321
32123322
32123323
32123331
32123332
32123333
32131111
32131112
32131113
32131121
32131122
32131123
32131131
32131132
32131133
32131211
32131212
32131213
32131221
32131222
32131223
32131231
32131232
32131233
32131311
32131312
32131313
32131321
32131322
32131323
32131331
32131332
32131333
32132111
32132112
32132113
32132121
32132122
32132123
32132131
32132132
32132133
32132211
32132212
32132213
32132221
32132222
32132223
32132231
32132232
32132233
32132311
32132312
32132313
32132321
32132322
32132323
32132331
32132332
32132333
32133111
32133112
32133113
32133121
32133122
32133123
32133131
32133132
32133133
32133211
32133212
32133213
32133221
32133222
32133223
32133231
32133232
32133233
32133311
32133312
32133313
32133321
32133322
32133323
32133331
32133332
32133333
32211111
32211112
32211113
32211121
32211122
32211123
32211131
32211132
32211133
32211211
32211212
32211213
32211221
32211222
32211223
32211231
32211232
32211233
32211311
32211312
32211313
32211321
32211322
32211323
32211331
32211332
32211333
32212111
32212112
32212113
32212121
32212122
32212123
32212131
32212132
32212133
32212211
32212212
32212213
32212221
32212222
32212223
32212231
32212232
32212233
32212311
32212312
32212313
32212321
32212322
32212323
32212331
32212332
32212333
32213111
32213112
32213113
32213121
32213122
32213123
32213131
32213132
32213133
32213211
32213212
32213213
32213221
32213222
32213223
32213231
32213232
32213233
32213311
32213312
32213313
32213321
32213322
32213323
32213331
32213332
32213333
32221111
32221112
32221113
32221121
32221122
32221123
32221131
32221132
32221133
32221211
32221212
32221213
32221221
32221222
32221223
32221231
32221232
32221233
32221311
32221312
32221313
32221321
32221322
32221323
32221331
32221332
32221333
32222111
32222112
32222113
32222121
32222122
32222123
32222131
32222132
32222133
32222211
32222212
32222213
32222221
32222222
32222223
32222231
32222232
32222233
32222311
32222312
32222313
32222321
32222322
32222323
32222331
32222332
32222333
32223111
32223112
32223113
32223121
32223122
32223123
32223131
32223132
32223133
32223211
32223212
32223213
32223221
32223222
32223223
32223231
32223232
32223233
32223311
32223312
32223313
32223321
32223322
32223323
32223331
32223332
32223333
32231111
32231112
32231113
32231121
32231122
32231123
32231131
32231132
32231133
32231211
32231212
32231213
32231221
32231222
32231223
32231231
32231232
32231233
32231311
32231312
32231313
32231321
32231322
32231323
32231331
32231332
32231333
32232111
32232112
32232113
32232121
32232122
32232123
32232131
32232132
32232133
32232211
32232212
32232213
32232221
32232222
32232223
32232231
32232232
32232233
32232311
32232312
32232313
32232321
32232322
32232323
32232331
32232332
32232333
32233111
32233112
32233113
32233121
32233122
32233123
32233131
32233132
32233133
32233211
32233212
32233213
32233221
32233222
32233223
32233231
32233232
32233233
32233311
32233312
32233313
32233321
32233322
32233323
32233331
32233332
32233333
32311111
32311112
32311113
32311121
32311122
32311123
32311131
32311132
32311133
32311211
32311212
32311213
32311221
32311222
32311223
32311231
32311232
32311233
32311311
32311312
32311313
32311321
32311322
32311323
32311331
32311332
32311333
32312111
32312112
32312113
32312121
32312122
32312123
32312131
32312132
32312133
32312211
32312212
32312213
32312221
32312222
32312223
32312231
32312232
32312233
32312311
32312312
32312313
32312321
32312322
32312323
32312331
32312332
32312333
32313111
32313112
32313113
32313121
32313122
32313123
32313131
32313132
32313133
32313211
32313212
32313213
32313221
32313222
32313223
32313231
32313232
32313233
32313311
32313312
32313313
32313321
32313322
32313323
32313331
32313332
32313333
32321111
32321112
32321113
32321121
32321122
32321123
32321131
32321132
32321133
32321211
32321212
32321213
32321221
32321222
32321223
32321231
32321232
32321233
32321311
32321312
32321313
32321321
32321322
32321323
32321331
32321332
32321333
32322111
32322112
32322113
32322121
32322122
32322123
32322131
32322132
32322133
32322211
32322212
32322213
32322221
32322222
32322223
32322231
32322232
32322233
32322311
32322312
32322313
32322321
32322322
32322323
32322331
32322332
32322333
32323111
32323112
32323113
32323121
32323122
32323123
32323131
32323132
32323133
32323211
32323212
32323213
32323221
32323222
32323223
32323231
32323232
32323233
32323311
32323312
32323313
32323321
32323322
32323323
32323331
32323332
32323333
32331111
32331112
32331113
32331121
32331122
32331123
32331131
32331132
32331133
32331211
32331212
32331213
32331221
32331222
32331223
32331231
32331232
32331233
32331311
32331312
32331313
32331321
32331322
32331323
32331331
32331332
32331333
32332111
32332112
32332113
32332121
32332122
32332123
32332131
32332132
32332133
32332211
32332212
32332213
32332221
32332222
32332223
32332231
32332232
32332233
32332311
32332312
32332313
32332321
32332322
32332323
32332331
32332332
32332333
32333111
32333112
32333113
32333121
32333122
32333123
32333131
32333132
32333133
32333211
32333212
32333213
32333221
32333222
32333223
32333231
32333232
32333233
32333311
32333312
32333313
32333321
32333322
32333323
32333331
32333332
32333333
33111111
33111112
33111113
33111121
33111122
33111123
33111131
33111132
33111133
33111211
33111212
33111213
33111221
33111222
33111223
33111231
33111232
33111233
33111311
33111312
33111313
33111321
33111322
33111323
33111331
33111332
33111333
33112111
33112112
33112113
33112121
33112122
33112123
33112131
33112132
33112133
33112211
33112212
33112213
33112221
33112222
33112223
33112231
33112232
33112233
33112311
33112312
33112313
33112321
33112322
33112323
33112331
33112332
33112333
33113111
33113112
33113113
33113121
33113122
33113123
33113131
33113132
33113133
33113211
33113212
33113213
33113221
33113222
33113223
33113231
33113232
33113233
33113311
33113312
33113313
33113321
33113322
33113323
33113331
33113332
33113333
33121111
33121112
33121113
33121121
33121122
33121123
33121131
33121132
33121133
33121211
33121212
33121213
33121221
33121222
33121223
33121231
33121232
33121233
33121311
33121312
33121313
33121321
33121322
33121323
33121331
33121332
33121333
33122111
33122112
33122113
33122121
33122122
33122123
33122131
33122132
33122133
33122211
33122212
33122213
33122221
33122222
33122223
33122231
33122232
33122233
33122311
33122312
33122313
33122321
33122322
33122323
33122331
33122332
33122333
33123111
33123112
33123113
33123121
33123122
33123123
33123131
33123132
33123133
33123211
33123212
33123213
33123221
33123222
33123223
33123231
33123232
33123233
33123311
33123312
33123313
33123321
33123322
33123323
33123331
33123332
33123333
33131111
33131112
33131113
33131121
33131122
33131123
33131131
33131132
33131133
33131211
33131212
33131213
33131221
33131222
33131223
33131231
33131232
33131233
33131311
33131312
33131313
33131321
33131322
33131323
33131331
33131332
33131333
33132111
33132112
33132113
33132121
33132122
33132123
33132131
33132132
33132133
33132211
33132212
33132213
33132221
33132222
33132223
33132231
33132232
33132233
33132311
33132312
33132313
33132321
33132322
33132323
33132331
33132332
33132333
33133111
33133112
33133113
33133121
33133122
33133123
33133131
33133132
33133133
33133211
33133212
33133213
33133221
33133222
33133223
33133231
33133232
33133233
33133311
33133312
33133313
33133321
33133322
33133323
33133331
33133332
33133333
33211111
33211112
33211113
33211121
33211122
33211123
33211131
33211132
33211133
33211211
33211212
33211213
33211221
33211222
33211223
33211231
33211232
33211233
33211311
33211312
33211313
33211321
33211322
33211323
33211331
33211332
33211333
33212111
33212112
33212113
33212121
33212122
33212123
33212131
33212132
33212133
33212211
33212212
33212213
33212221
33212222
33212223
33212231
33212232
33212233
33212311
33212312
33212313
33212321
33212322
33212323
33212331
33212332
33212333
33213111
33213112
33213113
33213121
33213122
33213123
33213131
33213132
33213133
33213211
33213212
33213213
33213221
33213222
33213223
33213231
33213232
33213233
33213311
33213312
33213313
33213321
33213322
33213323
33213331
33213332
33213333
33221111
33221112
33221113
33221121
33221122
33221123
33221131
33221132
33221133
33221211
33221212
33221213
33221221
33221222
33221223
33221231
33221232
33221233
33221311
33221312
33221313
33221321
33221322
33221323
33221331
33221332
33221333
33222111
33222112
33222113
33222121
33222122
33222123
33222131
33222132
33222133
33222211
33222212
33222213
33222221
33222222
33222223
33222231
33222232
33222233
33222311
33222312
33222313
33222321
33222322
33222323
33222331
33222332
33222333
33223111
33223112
33223113
33223121
33223122
33223123
33223131
33223132
33223133
33223211
33223212
33223213
33223221
33223222
33223223
33223231
33223232
33223233
33223311
33223312
33223313
33223321
33223322
33223323
33223331
33223332
33223333
33231111
33231112
33231113
33231121
33231122
33231123
33231131
33231132
33231133
33231211
33231212
33231213
33231221
33231222
33231223
33231231
33231232
33231233
33231311
33231312
33231313
33231321
33231322
33231323
33231331
33231332
33231333
33232111
33232112
33232113
33232121
33232122
33232123
33232131
33232132
33232133
33232211
33232212
33232213
33232221
33232222
33232223
33232231
33232232
33232233
33232311
33232312
33232313
33232321
33232322
33232323
33232331
33232332
33232333
33233111
33233112
33233113
33233121
33233122
33233123
33233131
33233132
33233133
33233211
33233212
33233213
33233221
33233222
33233223
33233231
33233232
33233233
33233311
33233312
33233313
33233321
33233322
33233323
33233331
33233332
33233333
33311111
33311112
33311113
33311121
33311122
33311123
33311131
33311132
33311133
33311211
33311212
33311213
33311221
33311222
33311223
33311231
33311232
33311233
33311311
33311312
33311313
33311321
33311322
33311323
33311331
33311332
33311333
33312111
33312112
33312113
33312121
33312122
33312123
33312131
33312132
33312133
33312211
33312212
33312213
33312221
33312222
33312223
33312231
33312232
33312233
33312311
33312312
33312313
33312321
33312322
33312323
33312331
33312332
33312333
33313111
33313112
33313113
33313121
33313122
33313123
33313131
33313132
33313133
33313211
33313212
33313213
33313221
33313222
33313223
33313231
33313232
33313233
33313311
33313312
33313313
33313321
33313322
33313323
33313331
33313332
33313333
33321111
33321112
33321113
33321121
33321122
33321123
33321131
33321132
33321133
33321211
33321212
33321213
33321221
33321222
33321223
33321231
33321232
33321233
33321311
33321312
33321313
33321321
33321322
33321323
33321331
33321332
33321333
33322111
33322112
33322113
33322121
33322122
33322123
33322131
33322132
33322133
33322211
33322212
33322213
33322221
33322222
33322223
33322231
33322232
33322233
33322311
33322312
33322313
33322321
33322322
33322323
33322331
33322332
33322333
33323111
33323112
33323113
33323121
33323122
33323123
33323131
33323132
33323133
33323211
33323212
33323213
33323221
33323222
33323223
33323231
33323232
33323233
33323311
33323312
33323313
33323321
33323322
33323323
33323331
33323332
33323333
33331111
33331112
33331113
33331121
33331122
33331123
33331131
33331132
33331133
33331211
33331212
33331213
33331221
33331222
33331223
33331231
33331232
33331233
33331311
33331312
33331313
33331321
33331322
33331323
33331331
33331332
33331333
33332111
33332112
33332113
33332121
33332122
33332123
33332131
33332132
33332133
33332211
33332212
33332213
33332221
33332222
33332223
33332231
33332232
33332233
33332311
33332312
33332313
33332321
33332322
33332323
33332331
33332332
33332333
33333111
33333112
33333113
33333121
33333122
33333123
33333131
33333132
33333133
33333211
33333212
33333213
33333221
33333222
33333223
33333231
33333232
33333233
33333311
33333312
33333313
33333321
33333322
33333323
33333331
33333332
33333333
